155 254 241 10 198 21 204 92 4 177 59 214 206 204 235 56
111 168 132 107 40 116 44 73 131 103 55 98 18 96 135 37
133 166 71 253 200 151 27 1 172 10 220 236 220 135 109 88
230 153 0 229 24 17 62 38 168 195 38 213 219 116 153 237
186 46 232 137 156 145 184 13 153 179 196 24 180 175 178 20
251 236 102 79 8 102 124 182 199 51 38 186 16 110 177 162
200 97 199 112 60 8 11 244 35 241 209 51 240 202 215 145
178 72 184 190 134 142 101 11 193 7 156 148 38 39 76 86
90 124 191 232 134 177 184 204 31 219 12 83 93 102 238 85
53 206 124 182 184 202 141 50 141 160 42 248 160 202 110 254
62 38 159 212 33 105 201 76 237 15 16 224 21 169 110 184
106 205 60 70 137 180 45 232 62 41 117 189 195 87 222 139
141 86 186 101 131 180 171 185 22 207 52 10 129 176 155 169
126 223 211 89 67 102 190 240 159 232 204 210 115 18 88 137
102 113 48 58 60 185 34 147 68 4 180 102 96 44 94 216
19 101 145 235 29 130 52 178 37 197 19 226 100 246 220 21
